0 5 13 0 4 40 88 8 10 18 1 17 47 49 109 4 9 25 0 3 0 7 13 10 0 70 35 15 35 23 7 4 15 43 23 0 4 11 8 6 36 85 0 14 16 47 14 25 34 1 7 6 121 2 5 8 0 1 4 1 4 7 133 0 0 7 0 5 5 133 1 0 0 23 1 2 123 1 0 14 1 30 22 82 0 1 5 1 1 12 130 0 0 5 0 1 13 131 0 0 4 0 3 8 135 0 1 3 0 1 8 137 30 4 10 5 1 3 97 34 8 8 5 1 0 94 0 0 4 50 1 7 88 21 10 6 52 4 6 51 19 13 13 53 6 7 39 2 1 0 53 0 2 92 7 3 3 53 2 3 79 15 7 5 53 0 4 66 4 2 3 53 3 7 78 
0 5 7 0 3 12 13 0 9 4 0 5 5 17 0 0 0 1 0 0 39 0 1 5 0 5 7 22 11 5 4 0 19 1 0 0 0 0 0 1 1 38 0 0 3 15 3 2 17 0 0 2 29 1 1 7 0 0 1 0 0 1 38 0 0 1 0 0 1 38 0 0 1 0 0 1 38 0 10 16 0 9 3 2 0 0 2 0 1 3 34 0 0 1 0 1 3 35 0 0 0 0 3 3 34 0 0 2 0 3 2 33 0 0 4 0 0 0 36 0 2 5 0 0 0 33 0 0 0 19 2 0 19 0 1 0 19 2 0 18 4 2 2 19 4 0 9 0 0 0 19 4 1 16 0 0 0 19 4 0 17 0 0 0 19 3 0 18 0 0 0 19 4 0 17 
0 0 12 0 32 17 30 0 1 12 0 31 11 36 20 2 3 0 2 3 61 2 5 47 0 34 3 0 4 8 14 0 29 36 0 0 2 8 0 18 36 27 7 20 37 2 16 4 5 44 21 14 5 3 0 4 0 0 4 0 8 0 79 1 0 15 0 9 2 64 0 0 1 0 5 2 83 0 4 44 0 39 3 1 0 4 28 0 31 16 12 0 4 8 0 12 25 42 0 7 8 0 13 16 47 0 6 10 0 15 13 47 0 0 1 0 3 3 84 0 1 2 0 1 1 86 3 2 8 9 7 0 62 26 9 21 9 19 2 5 34 12 20 9 9 2 5 1 2 12 9 17 16 34 0 1 10 9 18 15 38 0 1 9 9 16 16 40 0 2 7 9 10 19 44 
0 4 3 0 1 22 9 0 5 4 0 1 18 11 0 0 0 0 0 0 39 1 1 5 0 5 3 24 24 0 4 0 6 4 1 0 0 2 1 3 2 31 0 1 8 8 2 1 19 0 1 2 30 0 2 4 1 0 1 0 0 0 37 1 0 1 0 0 0 37 1 0 1 0 0 0 37 0 6 18 0 6 5 4 0 0 1 0 1 1 36 0 0 1 0 0 0 38 0 0 1 0 3 0 35 0 0 1 0 2 0 36 0 2 2 0 0 0 35 0 1 1 0 0 0 37 0 0 0 9 0 0 30 0 2 1 9 2 0 25 1 3 3 9 0 1 22 0 0 2 9 0 0 28 0 0 0 9 0 0 30 0 0 0 9 0 0 30 0 0 0 9 0 0 30 
0 8 26 0 18 32 6 1 11 15 1 21 30 11 9 0 0 0 0 2 79 11 10 18 0 33 18 0 36 22 7 0 20 5 0 0 0 2 1 3 10 74 1 22 35 9 7 8 8 1 4 5 55 3 7 15 0 0 0 0 2 5 83 0 0 1 0 2 5 82 0 0 1 0 2 5 82 0 13 33 0 10 14 20 0 5 3 5 2 6 69 0 0 4 0 2 3 81 0 0 0 0 1 1 88 0 0 0 0 1 2 87 0 0 1 0 1 2 86 0 0 5 0 2 0 83 0 1 1 18 2 1 67 0 6 16 18 12 2 36 0 5 25 18 9 4 29 0 0 1 18 2 11 58 0 1 1 18 2 3 65 0 1 1 18 2 5 63 0 1 1 18 2 5 63 
0 13 4 0 2 11 12 0 9 5 0 2 10 16 0 0 0 0 0 0 42 0 1 4 0 5 5 27 17 3 3 0 13 5 1 0 0 4 4 0 1 33 0 5 6 21 0 1 9 0 1 2 29 1 0 9 0 0 2 0 0 0 40 0 0 2 0 0 0 40 0 0 2 0 0 0 40 0 12 16 0 2 6 6 0 4 1 0 2 1 34 0 1 6 0 3 1 31 0 1 3 0 5 0 33 0 1 5 0 4 0 32 0 0 1 0 0 0 41 0 2 1 1 0 1 37 0 0 0 20 1 0 21 0 2 7 20 1 1 11 0 2 8 20 1 1 10 0 3 1 20 2 0 16 0 0 0 20 1 0 21 0 0 0 20 1 0 21 0 0 0 20 1 0 21 
0 1 3 0 1 16 10 0 0 2 0 1 5 23 0 0 0 0 0 0 31 0 4 9 0 4 2 12 13 1 2 0 12 3 0 0 0 0 2 1 0 28 0 2 5 13 0 0 11 0 0 1 23 1 0 6 0 0 1 0 0 0 30 0 0 1 0 0 0 30 0 0 1 0 0 0 30 1 2 20 0 4 3 1 0 1 5 0 0 0 25 0 1 8 0 0 2 20 0 1 1 0 0 2 27 0 1 2 0 1 1 26 0 0 0 0 0 0 31 0 1 2 0 0 2 26 0 0 0 13 2 0 16 0 0 2 13 3 0 13 0 0 3 13 2 0 13 0 0 1 13 2 2 13 0 0 1 13 2 0 15 0 0 1 13 1 1 15 0 0 1 13 1 1 15 
6 4 10 1 8 38 33 49 16 11 6 5 4 9 70 2 2 19 0 1 6 29 16 14 1 16 18 6 43 13 4 7 12 11 10 5 3 6 11 2 5 68 7 3 6 41 2 10 31 9 0 1 78 0 3 9 7 1 2 2 0 4 84 2 2 2 2 0 4 88 2 2 2 2 0 5 87 18 12 23 1 14 12 20 2 3 10 2 10 12 61 0 0 7 1 3 7 82 0 0 6 1 2 7 84 0 0 6 1 2 8 83 0 0 7 8 9 14 62 0 0 5 8 6 11 70 3 0 1 51 2 4 39 1 3 4 54 2 14 22 13 8 6 54 2 10 7 0 1 2 54 2 6 35 1 2 2 54 2 9 30 0 3 5 53 0 11 28 0 3 3 53 0 8 33 
0 2 6 0 1 12 9 0 1 1 0 4 10 14 0 0 0 2 0 0 28 0 2 4 0 5 0 19 13 1 3 0 12 1 0 0 0 2 0 0 1 27 1 2 4 6 4 2 11 0 1 1 14 0 1 13 0 0 1 0 0 0 29 0 0 1 0 0 0 29 0 0 1 0 0 0 29 0 12 11 0 4 1 2 0 1 3 1 1 3 21 0 0 3 0 4 4 19 0 0 3 0 1 3 23 0 0 4 0 2 3 21 0 0 0 0 0 1 29 0 0 0 0 0 1 29 0 1 3 6 1 0 19 1 6 2 6 0 0 15 0 2 0 6 1 0 21 0 0 0 6 0 0 24 0 0 0 6 0 1 23 0 0 0 6 0 1 23 0 0 0 6 0 1 23 
0 10 22 0 11 40 85 16 24 30 1 12 37 48 140 0 3 18 0 0 7 17 27 12 0 60 34 18 33 20 7 2 36 53 17 0 7 8 6 10 27 110 12 19 18 30 7 31 51 14 10 3 129 2 2 8 1 1 5 0 4 2 155 0 1 6 0 4 1 156 0 0 1 9 0 1 157 1 14 30 0 29 29 65 1 4 5 0 0 10 148 0 0 2 0 2 5 159 0 0 2 0 1 6 159 0 0 3 0 1 4 160 7 7 4 1 1 7 141 15 2 1 2 5 2 141 1 0 1 44 0 2 120 13 5 8 44 7 6 85 11 6 14 44 5 7 81 4 0 1 46 0 2 115 7 2 1 49 1 1 107 12 2 0 49 0 4 101 4 1 3 49 0 3 108 
0 11 14 1 25 29 10 0 5 17 0 24 35 9 0 0 0 0 0 0 90 34 23 24 0 6 3 0 26 18 19 1 20 6 0 0 0 6 2 18 25 39 0 12 37 4 23 7 7 0 1 2 40 7 18 22 0 0 9 0 1 0 80 0 0 9 0 1 0 80 0 0 9 0 1 0 80 0 8 12 0 24 25 21 0 3 3 2 8 14 60 0 0 2 1 11 16 60 0 0 1 0 6 17 66 0 0 0 0 3 5 82 0 0 0 0 0 1 89 0 1 1 0 2 7 79 0 1 0 9 0 0 80 2 15 14 9 15 7 28 0 27 21 9 15 7 11 0 2 1 9 0 8 70 0 1 0 9 0 7 73 0 1 0 9 1 3 76 0 1 0 9 1 5 74 
0 17 6 0 2 7 2 0 9 5 0 4 4 12 15 0 1 0 0 0 18 0 2 10 0 3 3 16 18 3 1 0 11 1 0 0 0 1 2 2 1 28 1 4 3 10 2 1 13 1 1 1 21 1 1 8 0 0 2 0 0 1 31 0 0 2 0 0 1 31 0 0 2 0 0 1 31 0 4 13 0 6 4 7 0 1 1 0 1 4 27 0 0 1 0 1 2 30 0 0 0 0 2 2 30 0 0 0 0 2 2 30 0 0 0 1 0 1 32 0 0 0 1 0 0 33 0 1 0 10 0 0 23 0 2 2 10 1 0 19 0 3 6 10 6 0 9 0 2 2 10 0 0 20 0 0 0 10 0 2 22 0 0 0 10 0 2 22 0 0 0 10 0 2 22 
0 4 10 0 3 14 0 2 8 11 0 4 5 1 0 9 0 7 0 0 15 0 5 7 0 0 4 15 23 2 3 0 3 0 0 0 0 4 1 3 5 18 0 1 6 11 2 2 9 0 0 0 25 0 2 4 0 0 1 0 0 5 25 0 0 1 0 0 4 26 0 0 1 0 0 4 26 0 5 7 0 1 9 9 0 0 2 0 0 5 24 0 0 0 0 0 6 25 0 0 1 0 2 3 25 0 0 2 0 0 4 25 0 1 0 0 0 3 27 0 0 0 0 0 1 30 1 0 0 13 0 0 17 0 0 0 14 0 1 16 0 1 1 14 0 0 15 0 0 0 14 0 0 17 0 0 0 14 0 2 15 0 0 0 14 0 2 15 0 0 0 14 1 5 11 
0 26 10 0 3 26 0 3 32 10 0 7 13 0 1 27 0 10 0 0 27 0 1 8 0 3 4 49 43 4 2 0 12 4 0 0 0 5 0 4 9 47 0 1 11 28 5 3 17 0 0 0 55 0 2 8 0 0 0 0 0 9 56 0 0 0 0 0 9 56 0 0 0 0 0 9 56 0 23 15 0 6 20 1 0 2 8 1 1 6 47 0 0 9 0 3 4 49 0 0 3 0 1 4 57 0 0 4 0 2 3 56 0 0 1 0 0 1 63 0 3 2 0 0 2 58 0 0 0 32 0 0 33 0 2 4 32 0 2 25 0 1 7 32 2 4 19 0 1 3 32 0 2 27 0 0 0 32 0 3 30 0 0 0 32 0 7 26 0 0 0 32 0 8 25 
15 31 52 2 15 32 85 112 21 25 13 11 7 43 86 5 9 43 0 3 86 101 32 29 3 21 15 31 115 20 15 8 29 28 17 2 3 1 15 1 5 205 16 8 5 113 4 23 63 11 2 2 186 2 7 22 9 1 9 2 5 14 192 9 0 8 3 6 14 192 4 0 9 12 5 21 181 37 42 60 2 10 23 58 0 13 42 1 12 16 148 0 6 14 0 3 29 180 0 4 13 0 1 27 187 0 5 12 0 1 27 187 0 3 4 15 23 28 159 1 4 4 16 6 14 187 1 2 1 117 3 11 97 8 5 14 117 8 24 56 32 17 16 117 5 13 32 1 2 10 117 5 23 74 1 4 10 118 4 24 71 1 2 8 118 4 26 73 1 1 9 118 4 27 72 
9 2 5 0 7 12 43 36 9 3 15 0 5 10 39 3 3 25 0 0 8 43 5 11 1 7 8 3 47 4 4 6 11 4 2 1 0 1 3 0 3 70 9 1 4 28 2 6 28 9 2 0 53 0 0 14 4 0 3 0 1 7 63 4 2 2 0 1 7 62 3 1 2 0 1 5 66 9 9 29 1 8 12 10 0 1 9 1 4 8 55 0 1 2 0 5 5 65 0 0 1 0 3 10 64 0 0 1 0 3 11 63 0 0 1 2 4 4 67 0 1 3 3 6 3 62 1 0 0 31 1 2 43 1 0 4 31 3 11 28 14 12 12 31 4 4 1 0 1 5 31 2 8 31 0 2 5 31 2 10 28 1 1 5 31 3 9 28 0 1 5 31 3 9 29 
0 10 17 0 11 47 5 0 7 8 0 7 50 18 0 0 1 0 0 0 89 5 22 11 0 29 23 0 40 21 6 0 18 5 0 0 3 12 0 4 15 56 0 35 25 5 13 10 2 0 1 7 44 3 22 13 0 0 0 0 0 5 85 0 0 0 0 0 5 85 0 0 0 0 0 5 85 0 6 18 0 10 30 26 0 2 2 7 0 3 76 0 0 7 0 2 0 81 0 0 0 0 0 1 89 0 0 0 0 0 1 89 0 8 8 0 0 11 63 0 2 9 0 4 6 69 0 0 0 7 1 0 82 0 19 10 7 13 16 25 0 14 14 7 17 18 20 0 1 2 7 2 11 67 0 1 0 7 0 7 75 0 0 0 7 0 14 69 0 0 0 7 0 13 70 
4 4 11 0 3 10 18 26 9 6 4 1 2 2 21 2 1 9 0 5 12 16 11 6 0 13 3 1 14 7 6 4 5 7 7 0 0 0 4 0 5 41 5 9 4 12 4 10 6 4 2 0 37 2 3 2 3 4 3 0 0 4 36 1 3 2 1 1 6 36 3 2 5 3 0 4 33 11 12 15 3 2 2 5 0 4 8 1 5 8 24 0 5 2 0 0 11 32 0 4 2 0 1 4 39 0 4 2 0 1 9 34 0 0 5 6 9 9 21 1 0 7 4 3 10 25 3 1 3 21 0 4 18 3 3 5 21 3 7 8 4 3 6 22 6 6 3 3 1 2 24 2 4 14 4 1 1 22 2 4 16 3 1 1 21 2 6 16 1 1 3 22 0 9 14 
0 55 59 1 10 29 75 22 88 50 4 14 18 33 8 1 6 47 1 160 6 2 17 17 14 42 136 1 13 147 5 6 45 13 0 0 8 14 15 9 170 13 1 13 33 18 18 109 37 1 3 12 132 2 59 20 0 3 46 1 3 155 21 2 3 36 1 2 159 26 0 4 37 5 3 155 25 4 77 44 4 10 46 44 0 6 15 7 5 171 25 0 8 18 1 8 177 17 0 0 6 2 9 204 8 0 0 17 2 3 195 12 0 1 0 3 1 216 8 0 6 10 4 1 195 13 0 1 3 5 3 212 5 0 17 29 6 5 158 14 1 24 30 7 11 136 20 0 6 13 1 2 199 8 0 2 14 1 5 201 6 1 3 7 1 4 207 6 0 20 33 2 11 133 30 
9 12 13 0 7 6 5 6 3 6 1 4 7 25 11 9 5 6 1 2 18 29 9 7 0 5 1 1 13 2 2 0 10 7 18 1 0 6 0 4 9 32 3 3 4 33 3 1 5 3 1 3 41 2 1 1 0 0 2 0 3 4 43 0 0 2 0 3 4 43 0 0 1 21 2 1 27 1 3 27 0 13 3 5 1 1 5 0 4 7 34 1 1 5 0 4 7 34 1 1 5 0 4 7 34 1 1 5 0 4 7 34 4 1 0 0 0 2 45 27 2 0 0 0 2 21 0 1 1 33 1 1 15 2 3 5 33 2 1 6 7 1 3 33 2 2 4 0 1 1 33 2 3 12 4 2 2 34 2 1 7 4 3 2 34 1 2 6 4 2 2 34 2 1 7 
0 14 11 0 2 5 6 3 11 9 0 2 5 8 2 3 0 0 1 4 28 28 3 2 0 4 1 0 1 10 2 0 14 8 3 2 6 10 0 2 9 9 5 16 8 6 1 1 1 0 6 3 27 1 1 0 2 1 5 0 3 15 12 0 1 5 0 3 14 15 0 1 5 0 3 14 15 0 19 13 0 1 4 1 0 5 14 0 13 6 0 0 5 13 0 6 12 2 0 1 1 0 7 12 17 0 1 11 0 1 9 16 0 4 4 0 5 4 21 0 6 12 0 7 7 6 0 2 1 8 0 5 22 3 8 9 8 6 1 3 8 13 4 8 4 1 0 0 3 7 8 0 9 11 0 0 5 8 13 8 4 0 0 10 8 5 5 10 0 4 5 8 13 4 4 
2 9 7 0 6 4 2 3 14 4 0 3 3 3 1 2 0 0 1 0 26 18 7 3 0 1 1 0 1 11 1 0 6 9 2 0 5 9 1 4 7 4 0 10 4 12 3 1 0 0 0 0 27 2 1 0 1 1 0 0 5 12 11 1 1 0 0 5 12 11 0 0 0 0 5 13 12 0 14 7 0 1 7 1 0 0 5 0 12 10 3 1 5 2 0 8 7 7 0 0 4 0 3 7 16 0 1 3 0 1 8 17 0 1 2 1 2 5 19 0 1 4 1 11 4 9 5 0 0 11 0 2 12 0 0 7 17 3 2 1 2 3 2 17 4 1 1 0 1 0 17 1 4 7 0 0 1 17 6 4 2 0 0 3 17 4 5 1 0 1 4 17 3 4 1 
