3 0 0 8 2 1 3 0 0 0 1 2 1 13 0 1 0 2 3 1 10 0 1 2 1 1 4 8 0 1 1 4 2 1 7 2 1 6 6 0 1 1 1 0 3 3 4 5 1 2 0 1 4 1 2 7 0 1 6 2 4 1 3 3 0 4 3 6 0 1 2 0 2 5 7 1 0 0 0 3 4 7 3 0 1 0 0 0 3 1 12 1 0 0 0 4 1 11 1 0 3 6 7 0 0 2 1 2 3 7 0 2 0 0 1 3 6 7 0 0 2 1 4 5 5 0 0 1 3 3 9 0 1 3 1 4 3 5 0 1 4 0 5 5 3 0 0 8 1 1 5 2 0 0 0 0 1 1 7 6 2 0 0 3 0 9 0 5 0 0 4 1 8 4 0 0 0 2 3 6 5 1 0 0 5 0 6 3 3 
0 0 0 1 2 2 4 0 0 0 1 2 0 6 0 0 0 1 3 1 4 0 0 1 2 2 0 4 0 1 1 0 6 0 1 0 0 1 1 4 2 1 0 0 1 1 3 1 3 0 1 0 1 5 1 1 0 0 0 0 6 2 1 0 1 3 3 0 1 1 4 0 3 2 0 0 0 5 0 1 0 3 0 0 0 1 3 2 1 0 2 0 1 4 2 0 1 1 6 1 1 0 1 0 0 1 1 3 3 0 1 0 0 0 2 1 6 0 0 0 1 4 2 2 0 0 2 0 3 2 1 1 0 1 0 4 2 1 1 0 1 0 5 2 1 0 0 5 0 3 0 1 0 0 0 0 1 2 6 0 0 1 0 1 2 5 0 0 1 0 1 3 4 0 0 1 0 1 3 4 0 0 0 1 2 3 3 0 0 
0 0 2 2 4 0 1 0 0 0 1 1 3 4 0 0 0 0 2 4 3 0 0 1 0 3 0 5 0 0 0 1 5 3 0 0 0 3 2 4 0 0 0 2 4 2 1 0 0 0 0 6 1 2 0 0 0 0 0 0 4 4 1 0 0 1 0 1 2 5 0 4 4 0 1 0 0 0 0 0 3 1 4 1 1 2 3 3 0 0 0 1 4 2 0 2 0 0 3 2 4 0 0 0 0 0 3 5 0 1 0 0 1 1 1 4 1 0 1 1 0 5 0 2 0 1 2 0 3 1 0 1 2 4 2 2 0 0 0 1 4 2 3 0 0 0 0 6 1 2 0 0 0 0 7 0 1 0 1 0 0 5 0 1 1 1 1 0 0 2 0 2 1 3 1 0 2 1 2 0 3 1 0 0 1 2 4 2 0 
0 1 0 3 4 0 3 1 1 1 3 1 2 2 0 1 0 3 3 1 3 0 0 0 2 1 1 7 0 1 1 3 3 2 1 1 0 0 2 3 3 2 0 0 0 0 0 3 8 0 1 1 3 4 0 2 0 1 0 2 4 1 3 2 0 5 1 0 1 2 0 2 5 1 1 1 1 6 1 3 1 0 0 0 1 2 4 2 0 1 1 0 1 4 2 2 1 1 0 1 7 1 1 0 1 0 2 2 1 2 2 2 0 1 2 0 5 2 1 0 0 0 3 8 0 0 1 3 3 1 3 0 0 0 0 0 3 8 0 0 2 2 4 1 1 0 1 0 0 0 3 8 0 0 2 0 5 3 1 0 0 0 0 0 0 7 0 4 4 0 4 2 1 0 0 0 0 0 0 8 0 3 4 0 2 4 1 0 0 
1 1 1 3 1 2 2 0 0 0 2 1 1 7 0 0 0 1 1 1 8 0 0 0 3 0 3 5 0 0 0 1 1 2 7 0 0 0 0 0 3 8 0 1 0 2 4 1 3 0 1 4 2 1 1 2 1 0 0 0 2 3 5 0 2 5 1 1 1 1 0 1 3 3 4 0 0 0 0 7 1 1 1 1 0 1 4 2 2 1 1 0 2 2 1 2 2 2 0 0 6 3 2 0 0 0 5 2 1 1 1 1 0 0 0 3 8 0 0 0 0 0 3 8 0 0 0 0 0 3 8 0 0 0 0 0 2 9 0 0 0 0 4 1 6 0 0 0 0 1 2 8 0 0 0 0 0 0 7 0 4 0 0 0 0 8 0 3 0 0 0 0 8 0 3 0 0 0 1 8 2 0 0 0 0 4 7 0 0 
0 0 2 4 3 2 4 0 0 0 1 6 5 3 0 1 0 3 2 6 3 0 0 2 3 6 2 2 2 0 2 4 6 1 0 3 0 1 1 7 3 0 0 0 2 1 6 4 2 0 0 3 4 6 1 1 0 1 3 2 5 4 0 2 2 5 1 3 2 0 10 2 3 0 0 0 0 3 1 8 2 1 0 0 0 3 2 4 3 2 1 0 1 2 5 3 3 1 11 2 0 1 1 0 0 4 1 6 2 1 1 0 2 2 0 4 4 3 0 1 3 4 3 3 1 0 5 2 6 0 2 0 0 1 3 7 1 1 1 1 3 2 5 1 1 3 0 8 4 3 0 0 0 0 2 1 4 5 3 0 0 0 3 5 7 0 0 0 0 1 7 5 2 0 0 3 2 4 5 1 0 0 1 3 4 1 5 1 0 
1 0 1 2 2 4 0 0 0 0 0 1 1 8 0 0 0 0 1 1 8 0 0 0 0 1 1 8 0 0 0 1 3 4 2 0 0 0 1 5 1 3 0 0 0 1 3 2 4 0 0 1 0 4 3 2 1 0 1 1 3 4 0 0 1 1 0 4 3 1 4 0 5 1 0 0 0 4 1 3 1 1 0 0 0 0 0 1 7 2 0 0 0 0 1 3 4 2 0 0 0 2 6 0 2 0 0 4 2 1 3 0 0 0 2 5 2 0 1 0 0 0 5 5 0 0 0 0 0 8 1 1 0 0 0 4 2 4 0 0 1 2 3 1 2 1 0 6 1 2 1 0 0 0 0 1 1 3 5 0 0 0 0 0 2 8 0 0 0 0 0 2 8 0 0 0 0 0 5 5 0 0 0 0 0 2 8 0 0 
1 4 2 5 3 0 2 0 1 1 3 10 0 2 0 0 0 3 4 3 7 0 0 2 3 2 3 7 0 1 0 6 5 1 4 0 0 3 5 4 1 4 0 3 2 5 3 3 1 0 1 2 6 1 2 5 0 1 1 1 6 4 4 0 2 3 5 7 0 0 0 3 2 4 8 0 0 0 1 1 2 9 4 0 0 2 0 4 3 2 6 0 2 0 0 5 3 7 0 1 2 7 7 0 0 0 1 8 3 5 0 0 0 0 3 5 5 4 0 0 0 2 3 6 6 0 0 0 0 8 9 0 0 0 2 4 6 5 0 0 0 2 2 6 7 0 0 2 1 1 7 6 0 0 0 0 4 2 6 4 1 0 0 5 0 9 1 2 0 0 2 1 7 7 0 0 0 0 4 6 5 2 0 0 6 0 5 0 6 
0 0 1 4 2 2 4 0 0 0 2 4 2 5 0 0 1 2 3 3 4 0 0 2 1 3 3 4 1 0 3 0 7 2 0 0 3 2 0 2 4 2 0 1 2 1 6 3 0 0 0 3 1 8 1 0 1 2 2 1 4 1 2 1 1 5 3 2 0 1 6 2 3 1 0 0 1 2 2 7 0 2 0 0 0 1 5 2 1 2 2 0 1 6 2 1 1 2 8 1 2 1 1 0 0 1 0 5 3 0 1 3 2 1 1 1 6 1 1 2 1 4 1 5 0 0 2 3 8 0 0 0 0 3 4 4 0 2 0 0 1 3 4 2 3 0 0 1 6 2 3 0 0 1 0 1 3 2 7 0 0 2 1 4 1 4 0 1 2 0 4 2 4 0 1 1 1 4 1 5 0 1 1 0 5 1 6 0 0 
1 2 5 3 4 3 3 0 0 0 2 7 2 10 0 0 1 6 3 2 9 0 1 0 5 2 4 9 0 0 3 5 2 3 8 0 0 0 2 3 3 13 0 2 3 2 4 7 3 2 2 2 4 1 7 3 0 0 2 1 11 3 4 0 1 1 7 12 0 0 1 2 1 7 10 0 0 0 0 2 8 9 2 0 0 1 2 2 4 2 10 0 0 2 0 6 1 12 1 1 2 7 10 0 0 0 2 0 11 8 0 0 0 0 1 9 9 2 0 0 0 1 2 8 10 0 0 0 2 7 12 0 0 0 1 2 9 9 0 0 0 0 3 7 11 0 0 1 0 1 6 13 0 0 0 0 1 4 9 4 3 0 0 3 0 16 2 0 0 0 3 1 11 6 0 0 0 1 7 10 1 2 0 0 4 0 8 1 8 
1 0 1 5 2 2 1 0 0 0 0 1 7 4 0 0 0 0 1 4 7 0 0 0 0 2 4 6 0 0 0 0 2 3 7 0 0 0 0 2 3 7 1 0 0 2 2 2 5 0 0 4 2 2 1 3 1 0 0 2 3 1 5 0 0 2 4 1 3 2 0 0 7 3 1 1 0 0 0 0 5 1 3 3 0 0 0 6 0 2 4 0 0 2 3 3 1 3 0 2 2 4 4 0 0 0 1 2 6 3 0 0 3 0 0 4 5 0 0 0 0 1 2 8 1 0 0 1 0 2 8 1 0 0 1 0 4 6 0 1 0 1 1 4 5 1 0 0 2 1 3 4 2 0 0 1 2 0 7 0 2 0 0 0 0 4 2 6 0 0 1 1 7 3 0 0 0 0 3 5 4 0 0 1 2 3 5 1 0 
0 0 0 0 1 5 0 0 0 0 0 2 0 4 0 0 0 0 2 1 3 0 0 0 3 2 0 1 0 0 1 0 4 1 0 0 0 0 1 4 1 0 0 0 0 2 0 4 0 0 0 0 1 5 0 0 0 0 0 1 3 2 0 0 1 0 2 2 1 0 3 2 1 0 0 0 0 0 2 4 0 0 0 0 0 0 0 0 4 2 0 0 0 0 0 3 3 0 3 1 0 2 0 0 0 0 1 2 2 1 0 0 0 0 1 0 5 0 0 0 0 0 1 3 1 1 0 2 2 1 1 0 0 0 1 4 0 1 0 0 2 1 0 1 1 1 0 3 3 0 0 0 0 0 0 0 3 0 3 0 0 0 0 2 1 3 0 0 0 0 2 0 4 0 0 1 2 0 0 3 0 0 0 0 1 1 4 0 0 
1 0 0 1 4 6 1 0 0 0 0 2 4 7 0 0 0 2 2 4 5 2 1 2 4 3 1 0 0 1 3 3 3 3 0 2 0 1 1 7 2 0 0 0 2 2 6 3 0 0 0 2 7 3 1 0 0 0 2 3 2 5 1 0 0 6 6 0 1 0 5 1 2 4 1 0 0 8 0 4 1 0 0 0 0 1 3 5 4 0 0 0 0 7 2 4 0 0 10 1 0 1 1 0 0 1 1 4 4 3 0 0 0 2 5 2 4 0 0 1 3 1 3 2 3 0 4 1 7 1 0 0 0 3 2 5 3 0 0 0 2 0 9 0 0 1 1 6 2 1 4 0 0 0 0 3 4 5 1 0 0 0 3 4 5 1 0 0 0 2 4 6 1 0 0 3 0 6 3 1 0 0 0 1 2 5 5 0 0 
0 0 2 1 3 1 1 0 0 0 2 2 1 3 1 0 0 0 1 4 2 0 0 2 1 4 0 1 0 0 1 3 3 1 0 0 0 1 0 5 1 1 0 1 0 2 4 1 0 0 0 3 2 1 2 0 0 0 0 1 4 3 0 0 0 5 1 1 1 0 2 1 5 0 0 0 0 2 1 4 0 1 0 0 0 1 3 2 2 0 0 0 0 4 3 0 1 0 8 0 0 0 0 0 0 3 0 1 1 2 1 0 0 0 6 1 0 1 0 1 2 2 2 0 1 0 2 0 6 0 0 0 0 1 1 4 2 0 0 0 4 1 3 0 0 0 0 3 3 1 1 0 0 0 0 3 3 2 0 0 0 2 2 2 2 0 0 0 2 1 3 2 0 0 0 4 0 1 3 0 0 0 0 0 1 2 5 0 0 
0 4 7 4 1 1 7 0 0 3 0 8 6 7 0 0 0 1 1 4 18 0 0 1 1 6 6 10 3 5 0 7 2 2 5 1 0 8 6 1 0 8 1 0 5 1 4 8 5 0 2 1 6 7 7 1 0 1 4 0 7 2 10 3 1 1 11 8 0 0 2 2 4 5 11 0 0 0 0 3 9 7 5 0 1 0 0 0 1 7 15 0 0 0 0 3 3 18 2 1 0 13 8 0 0 3 1 5 8 6 1 0 0 0 6 3 11 4 0 0 0 3 5 9 7 0 0 0 4 5 15 0 0 0 0 4 13 7 0 0 2 5 1 8 7 1 0 1 2 5 7 9 0 0 0 0 3 2 9 8 2 0 0 3 0 14 1 6 0 0 6 1 8 9 0 0 0 0 5 11 8 0 0 0 5 0 5 0 14 
0 3 3 4 10 5 4 0 0 1 1 15 5 7 0 1 1 4 12 3 8 0 0 1 4 7 9 8 2 1 0 4 10 2 10 0 1 2 1 10 3 12 0 3 4 1 9 12 0 0 0 1 7 9 2 10 0 0 0 1 12 5 11 0 2 5 8 14 0 0 0 2 6 10 11 0 0 0 0 0 4 14 11 0 1 0 0 1 5 7 15 0 1 1 1 12 10 4 0 0 3 12 14 0 0 3 0 5 6 15 0 0 0 0 7 9 10 3 0 0 0 8 0 12 9 0 0 0 5 9 15 0 0 0 2 4 11 12 0 0 1 1 4 9 14 0 0 0 3 5 7 14 0 0 0 0 4 3 8 7 7 0 0 2 0 20 4 3 0 0 3 2 12 12 0 0 0 0 10 11 6 2 0 0 6 0 10 0 13 
5 0 4 5 3 1 2 0 0 2 1 1 1 15 0 0 0 1 4 1 14 1 0 1 1 3 2 12 1 0 0 2 1 2 14 0 0 0 0 3 2 15 0 2 0 1 4 2 11 0 2 4 3 5 1 5 1 1 0 3 4 2 9 0 1 7 2 1 2 7 0 1 8 6 4 1 0 0 1 4 4 4 3 4 0 0 5 2 6 2 5 0 0 11 3 1 3 2 0 1 10 4 5 0 0 1 3 7 3 4 2 0 2 0 0 7 11 0 0 0 0 2 10 8 0 0 0 0 3 5 12 0 0 0 0 1 13 6 0 0 2 0 4 5 9 0 0 2 1 1 8 8 0 0 0 0 0 0 13 0 7 0 0 0 0 11 0 9 0 0 0 0 8 2 10 0 0 0 2 9 9 0 0 0 1 7 12 0 0 
0 2 6 3 0 0 1 0 0 0 5 5 0 2 0 0 0 2 1 4 5 0 0 0 3 2 1 6 3 1 5 2 1 0 0 1 0 3 6 2 0 0 0 0 5 3 2 2 0 0 0 1 3 2 1 5 0 0 0 5 6 0 1 0 0 1 4 7 0 0 0 0 0 9 3 0 0 0 0 0 5 7 0 0 0 0 0 4 1 1 6 0 0 0 1 2 5 4 0 2 3 1 6 0 0 0 1 2 7 2 0 0 0 0 0 6 6 0 0 0 0 0 0 7 5 0 0 0 0 8 4 0 0 1 1 0 2 8 0 0 2 1 2 6 1 0 0 3 0 2 6 1 0 0 0 0 0 1 4 4 3 0 0 2 0 8 1 1 0 0 2 2 5 3 0 0 0 3 1 7 0 1 0 0 1 0 8 1 2 
2 1 1 3 4 11 6 1 1 1 4 4 0 17 1 0 1 4 4 1 17 0 2 4 5 6 2 9 0 3 4 3 5 12 1 0 0 4 1 9 11 3 0 0 2 3 8 8 7 2 2 4 5 12 2 1 0 0 5 4 6 9 4 0 3 13 4 8 0 0 8 5 9 6 0 0 0 12 2 11 2 1 0 0 0 0 6 5 13 3 1 0 0 10 2 9 5 2 12 1 8 6 0 1 0 4 1 10 4 8 0 1 0 3 6 5 11 2 1 0 2 16 6 3 1 0 9 3 10 3 3 0 0 2 4 14 3 3 2 0 3 4 16 3 2 0 0 9 6 10 1 0 2 0 0 3 10 6 9 0 0 2 4 5 7 10 0 0 2 3 5 8 10 0 0 6 1 8 8 5 0 0 1 4 6 7 10 0 0 
2 5 9 5 6 0 0 0 1 0 2 7 8 9 0 1 10 3 10 3 0 0 0 1 1 12 1 12 1 4 10 4 7 1 0 0 3 0 6 13 0 5 6 5 12 3 1 0 0 1 3 6 7 9 1 0 0 0 2 3 13 3 6 15 4 6 1 1 0 0 14 3 5 3 2 0 0 7 1 12 5 2 0 0 4 7 10 2 4 0 0 1 1 13 4 7 0 1 1 3 11 3 9 0 0 0 5 5 6 11 0 0 13 2 9 2 1 0 0 18 3 4 2 0 0 0 0 2 19 0 6 0 0 0 2 14 0 11 0 0 18 3 3 3 0 0 0 11 8 5 3 0 0 0 2 3 6 0 16 0 0 2 3 13 3 6 0 0 19 3 4 0 1 0 0 0 1 14 5 7 0 0 0 2 6 6 13 0 0 
0 0 5 1 3 0 0 0 0 1 2 2 2 2 0 0 4 1 2 2 0 0 0 1 2 1 1 4 1 0 2 1 3 2 0 2 1 4 0 2 0 0 1 1 6 0 1 0 0 0 4 4 0 1 0 0 0 0 1 1 4 1 2 0 0 5 0 4 0 0 6 1 1 0 1 0 0 0 2 3 0 2 2 0 6 1 2 0 0 0 0 4 4 1 0 0 0 0 4 4 1 0 0 0 0 5 2 2 0 0 0 0 3 0 3 2 1 0 0 6 1 1 0 1 0 0 3 1 5 0 0 0 0 1 0 1 2 4 1 0 5 1 3 0 0 0 0 5 0 2 0 2 0 0 0 0 0 1 6 2 0 0 1 1 2 3 1 1 5 1 3 0 0 0 0 0 1 0 2 6 0 0 0 0 1 1 3 1 3 
2 1 3 2 2 0 0 0 0 0 2 1 2 5 0 0 4 0 5 1 0 0 0 0 2 2 2 4 1 1 1 3 3 1 0 1 0 5 0 4 0 0 3 0 4 0 3 0 0 1 2 1 3 3 0 0 0 0 2 2 2 1 3 0 0 2 1 6 0 1 5 0 2 3 0 0 0 0 2 5 1 1 1 0 4 1 2 1 2 0 0 3 2 3 1 1 0 0 3 2 1 3 1 0 0 5 2 2 1 0 0 0 2 0 5 2 1 0 0 5 0 2 3 0 0 0 2 0 6 2 0 0 0 1 0 2 2 5 0 0 4 0 5 1 0 0 0 3 0 5 2 0 0 0 1 0 0 0 5 3 1 0 0 3 0 4 2 1 3 0 6 1 0 0 0 1 0 2 1 6 0 0 0 0 2 2 4 1 1 
