13.4295330473452 -4.88806755029125 -1.59624930523367 2.93872545864373 -13.6957905811871 6.93700738711045 9.4503290505803 0.947145091821225 2.21306199949888 7.23646249213637 9.19797111559308 -6.57941985649209 -1.20580869323017 -2.99852915024787 -0.641078720994731 1.68315612344183 0.37703305668092 0.620603378252458 -0.399838415579816 0.59251773730854 -0.445104328850739 
-14.3232302788756 -5.55525624180439 4.12531006361485 0.837613425324544 0.992268082651849 0.44018095793193 -1.37595740606402 0.9901188732066 -0.190907924924685 -1.6536948899595 0.649365095071236 0.575565363128348 0.835431456103986 2.0922307787378 -4.9979575579534 6.76765768738305 -1.85636215825694 -6.11185549474057 -4.13950479210446 3.27471921014833 2.47603689344854 
-19.2286630856469 -8.21469786624252 -3.18091968246529 1.17483679176335 2.81507357257785 -3.74043963653613 11.0746780557602 -0.910755579547002 5.89755120885885 0.322416088553238 -8.08085343076357 2.00946668334324 -8.71493888318729 -1.46072652692806 -2.8318570835672 1.67219564827908 2.91512644104143 0.0670915332573753 0.900302305432262 -2.49984911590837 0.891800595948451 
-9.24385256280792 -8.36571525955899 -1.44000940460226 -7.56991348595785 2.71535893105829 -4.46601999340149 -12.7262706946227 2.13359196446345 10.0472042552885 8.07327318101852 -1.9486357215279 -5.27014885451641 1.40846932763454 -0.405169392695744 2.14898483868951 3.87871921843418 0.440777135227165 1.21278736311347 1.62348081385562 -0.451080607350398 -0.188389504140592 
1.15382977325511 -12.7613818439042 1.91264513191539 -15.0309830266288 2.69886521221324 1.55891536509422 -4.7967086378532 2.06014069332315 -1.04592469074191 0.376943658600282 3.58517518894442 -0.610859514457558 -4.62910495626073 0.501746342195063 1.14577414169506 -7.25545418832999 4.12992630655963 -0.925744171582238 -5.54685702250246 -1.56584960542885 1.47333201622853 
-17.4238542875926 7.50739110748571 6.62468096338534 11.0026848304646 -0.518571036732528 -5.62117422079513 0.824645918427352 -7.19032505906705 -2.40160655847992 -1.19650434759901 4.60036441820251 2.63938972715917 -0.931167357941535 0.524387562264101 11.0325081915347 3.0127643429524 3.05128273093043 -0.673326503589869 0.330142104269182 0.54306285392978 1.65715956111842 
-7.12691488246422 -8.09909943838031 5.4790401103434 -3.13055703912061 2.1032302180441 10.2890498419042 2.30743809416618 1.14623689010852 3.39855306760758 -12.0236082455828 -1.31292891531583 -4.67412003246861 4.17887094176716 0.836835755499673 3.38356908784726 2.54308479308758 -1.7296330842003 1.28393025877418 -1.40418047405562 -4.37340874041244 -1.26112910697572 
16.6394712938448 -7.18605638512147 -4.15267956448696 8.14814552247059 1.76868799750985 1.09763482990352 3.22084310307372 -3.17341560734803 5.24617352325799 3.41242140178247 -1.71015882105838 -0.322485044417929 -1.26477172803545 9.81093619358925 2.95529775611041 -5.34808954947399 -5.28113086116658 -2.324864211922 0.803453154732878 0.720166025382116 -0.0767888424382908 
-13.3985664771397 2.85757289431973 2.99242986853053 1.93323675575078 -0.456697869383804 -4.80310394783329 -3.96127365174408 -0.519250905166258 0.458609226044957 -0.353357484759269 9.9701192934175 7.88834917900459 -2.79384599052495 1.79796634908074 -4.8175872763031 1.1216427025232 -3.56395051866318 2.25427265941347 0.65842990503392 -4.4907397250597 -1.45679028685814 
33.6309857910552 -4.17533141542589 -2.88455429001375 2.68886193286205 0.716233999064971 9.22464046025567 -8.01788731510434 -2.99934549941822 -8.91636104456306 -1.29966684158997 -2.74538915828173 -1.95728157271448 -9.12066242658043 -0.0759960548391224 -0.307708508427371 3.12750461719345 -0.863375701888696 0.938933331205645 2.64950431277452 0.111679294317733 0.869222042250648 
2.43633876927248 -13.1025549529823 -0.952620331240077 -9.31077382433815 1.27281040615805 -4.1991948179976 0.217407343349711 -7.48459709503852 2.1166766930123 -3.63860189181788 0.120169223154208 1.01314568504618 -0.0829313742435953 -10.6898745217911 1.06287499624854 -3.31174656262415 -5.34399453673941 -0.931473681044996 0.630444061482984 2.52416217004393 0.0651957710645267 
-17.1733728373161 -11.1890202947524 0.359917581828896 4.01687150356791 2.5896051446832 1.95090025288231 -1.79073183155082 -0.211367313443199 2.25306342760625 -7.2569759592549 4.74365607990319 -1.94582625560077 1.62805042525837 2.11745240726109 -4.46374110492677 -3.31634381529829 4.89766701950962 -0.931197865882791 5.58619947221026 3.60255824505215 -0.711045334835677 
-18.2387729532904 4.99406527367808 10.3497685850845 7.17408978701158 -0.177966008247509 -0.760382277235366 -1.09502179782394 -8.33371756397202 -7.62069865061868 5.99198389273176 -3.90795751473141 -4.66502136515391 4.77290790428547 -1.45531126584735 -3.16565999344391 -2.37184844540639 0.86163822517527 -3.55120613570486 0.317619188400778 -3.9588065623291 -2.17796981779581 
-22.3550849462901 -4.40608931722927 0.854106078894372 5.11536445690739 1.85328628493617 -4.55295318939666 1.5274557241286 -3.2461235766557 -4.53777083612177 0.246519850744806 -2.44821969537347 -3.92201788554515 1.22448054129097 2.76469189255844 -2.39967767293245 -0.509065141008107 -1.17214564588229 8.10824844559813 -3.23651135993659 3.55708787787982 0.49835548607517 
38.7850058939621 -1.91218825175276 -3.20491254784167 7.96385163485766 -19.9563762432928 -10.7837558613093 -3.68201122860201 1.19631051556311 1.59765462600516 -5.89178748902706 -4.24258873589191 0.974827373767856 2.43315205085545 0.477738070456747 -1.29559541062378 -0.569195876595135 1.84366338388059 -0.0333307426402884 -1.15220015912045 -0.837931570531874 0.00191740595217588 
51.9614887865344 7.54333408806882 -0.745045623710129 11.4822335857285 20.4661458865955 -5.56811473328085 3.49812300772612 3.48268980173333 0.343248041982951 0.476848301633469 2.67162113351538 -1.0244270870341 3.05623090446966 -2.40889892616538 -1.1172208670091 0.986197836665365 1.4976130066491 0.232418191137139 -0.998272829820339 -0.465022623426382 -0.339994327069259 
19.9546799869438 -1.99037143621815 7.31282802305328 -33.0698330748507 -0.583840595530049 -3.5931781966891 6.30963436779694 -1.25150427988464 -4.95065641533692 1.77290063682361 -0.716493513521325 2.82598515179973 3.61240183418316 4.24771997295983 0.468101770795905 2.63361666723651 0.87373675540781 0.334660228193473 2.30749769901807 0.626175865808285 -0.741698001806636 
3.26482798127717 -11.8473090277025 -8.44218110687533 6.01439000311852 -0.603626031018022 13.2089142145656 -1.5487943420886 -2.40495957852047 1.96584895965565 4.84396993803036 -3.23936979743126 11.2893885062338 5.96312596913561 -1.76789406274716 0.081997903214632 0.0550529359827599 2.26246166052351 1.60111771606342 -1.09250104918358 0.9272627082163 -0.369623495967982 
0.816996681606729 35.8226464846657 35.733027613733 1.11305465258352 -2.32877567819564 4.3269705256737 -0.788392332347305 6.09534009002264 3.34353492448891 0.639363168096149 -2.96317641019097 1.91838040097853 -2.0007521240589 -1.53865284540909 -0.00362660459973476 -2.23306865900163 -0.735888644384189 0.702927420936464 0.386578914607703 1.99323585386993 -0.0462628237725866 
-8.34307858778758 52.715488600683 -29.5417701441998 -8.47121124640107 -0.195854492103657 2.36251020623301 -0.652875184350263 -3.42083702630628 1.82348415308061 -1.83329144496692 0.0986134340536389 -1.34919759840518 0.146075526454449 0.217403776756408 -0.845777706073048 -0.552618354389893 0.315381832149322 -0.389540265889003 -0.598236025968976 0.239763551587694 0.148589984698222 
-19.040064172009 -5.25404358016644 -11.4399681802556 2.66641447787651 -0.254825452170009 -2.64159265883645 0.440510878952512 11.7043801331675 -5.47144812655627 0.23696782414702 -1.70146253285482 1.15822168619711 -2.64866624824435 -0.99398201091657 3.61786734844377 0.220014525987221 -0.768435795202206 -1.62897168141919 -0.669310422250308 1.98501378194169 -5.9982242088746 
-16.1777029338768 -2.49331558736829 -8.162843839459 2.31289687836585 -1.21924174763185 -0.666814508243211 1.56485887818956 11.3902450309578 -5.56928985904523 1.5174181602594 -0.619820734912536 0.0280853101475441 4.13345290086859 -1.59407434377179 0.990512472274803 -2.23417650703921 -2.15139060735121 0.144520228470818 3.04376061870452 -2.05471662503918 5.7314103226013 
